a <- 2+3
b <- 9-8
a+b

